name: arrhythmia_py36
channels:
  - conda-forge
  - defaults
dependencies:
  - absl-py=0.2.2=py_0
  - astor=0.6.2=py_0
  - atomicwrites=1.2.1=py36_0
  - attrs=18.2.0=py_0
  - bleach=1.5.0=py36_0
  - certifi=2018.8.24=py36_0
  - colorama=0.3.9=py_1
  - gast=0.2.0=py_0
  - h5py=2.8.0=py36hfa6e2cd_0
  - hdf5=1.10.1=vc14_2
  - html5lib=0.9999999=py36_0
  - keras=2.1.6=py36_0
  - libgpuarray=0.7.6=vc14_0
  - libprotobuf=3.5.2=vc14_0
  - mako=1.0.7=py36_0
  - markdown=2.6.11=py_0
  - markupsafe=1.0=py36_0
  - mkl_fft=1.0.2=py36_0
  - mkl_random=1.0.1=py36_0
  - more-itertools=4.3.0=py36_0
  - pip=9.0.3=py36_0
  - pluggy=0.7.1=py_0
  - protobuf=3.5.2=py36_vc14_0
  - py=1.6.0=py_0
  - pygpu=0.7.6=py36_0
  - pyreadline=2.1=py36_0
  - pytest=3.8.0=py36_0
  - python=3.6.5=1
  - pyyaml=3.12=py36_1
  - setuptools=39.2.0=py36_0
  - six=1.11.0=py36_1
  - tensorboard=1.8.0=py36_1
  - tensorflow=1.8.0=py36_1
  - termcolor=1.1.0=py36_1
  - theano=1.0.2=py36_0
  - vc=14=0
  - vs2015_runtime=14.0.25420=0
  - webencodings=0.5.1=py36_0
  - werkzeug=0.14.1=py_0
  - wheel=0.31.0=py36_0
  - wincertstore=0.2=py36_0
  - yaml=0.1.7=vc14_0
  - zlib=1.2.11=vc14_0
  - grpcio=1.12.0=py36h1a1b453_0
  - icc_rt=2017.0.4=h97af966_0
  - intel-openmp=2018.0.3=0
  - mkl=2018.0.3=1
  - numpy=1.14.3=py36h9fa60d3_2
  - numpy-base=1.14.3=py36h5c71026_0
  - scipy=1.1.0=py36h672f292_0

